1 [5]
2 [0, 5]
3 [1, 0, 4]
4 [0, 1, 0, 4]
5 [1, 0, 1, 0, 3]
6 [0, 1, 0, 1, 0, 3]
7 [1, 0, 1, 0, 1, 0, 2]
8 [0, 1, 0, 1, 0, 1, 0, 2]
9 [1, 0, 1, 0, 1, 0, 1, 0, 1]
10 [0, 1, 0, 1, 0, 1, 0, 1, 0, 1]
11 [1, 0, 1, 0, 1, 0, 1, 0, 1, 0, 0]
12 [0, 1, 0, 1, 0, 1, 0, 1, 0, 1, 0, 0]
13 [0, 1, 0, 1, 0, 1, 0, 1, 0, 1, 0, 0, -1]
14 [1, 0, 1, 0, 1, 0, 1, 0, 1, 0, 0, 0, 0, 0]
15 [1, 0, 1, 0, 1, 0, 1, 0, 1, 0, 0, 0, 0, 0, -1]
16 [1, 0, 1, 0, 1, 0, 1, 0, 1, 0, 0, 0, 0, 0, -1, -1]
17 [1, 0, 1, 0, 1, 0, 1, 0, 1, 0, 0, 0, 0, 0, -1, -1, -1]
18 [0, 1, 0, 1, 0, 1, 0, 1, 0, 1, 0, 0, 0, 0, 0, 0, 0, 0]
19 [0, 1, 0, 1, 0, 1, 0, 1, 0, 1, 0, 0, 0, 0, 0, 0, 0, 0, -1]
20 [0, 1, 0, 1, 0, 1, 0, 1, 0, 1, 0, 0, 0, 0, 0, 0, 0, 0, -1, -1]
21 [0, 1, 0, 1, 0, 1, 0, 1, 0, 1, 0, 0, 0, 0, 0, 0, 0, 0, -1, -1, -1]
22 [0, 1, 0, 1, 0, 1, 0, 1, 0, 1, 0, 0, 0, 0, 0, 0, 0, 0, -1, -1, -1, -1]
23 [0, 1, 0, 1, 0, 1, 0, 1, 0, 1, 0, 0, 0, 0, 0, 0, 0, 0, -1, -1, -1, -1, -1]
24 [0, 1, 0, 1, 0, 1, 0, 1, 0, 1, 0, 0, 0, 0, 0, 0, 0, 0, -1, -1, -1, -1, -1, -1]
25 [0, 1, 0, 1, 0, 1, 0, 1, 0, 1, 0, 0, 0, 0, 0, 0, 0, 0, -1, -1, -1, -1, -1, -1, -1]
26 [1, 0, 1, 0, 1, 0, 1, 0, 1, 0, 0, 0, 0, 0, 0, 0, 0, 0, 0, 0, 0, 0, 0, 0, 0, 0]
27 [1, 0, 1, 0, 1, 0, 1, 0, 1, 0, 0, 0, 0, 0, 0, 0, 0, 0, 0, 0, 0, 0, 0, 0, 0, 0, -1]
28 [1, 0, 1, 0, 1, 0, 1, 0, 1, 0, 0, 0, 0, 0, 0, 0, 0, 0, 0, 0, 0, 0, 0, 0, 0, 0, -1, -1]
29 [1, 0, 1, 0, 1, 0, 1, 0, 1, 0, 0, 0, 0, 0, 0, 0, 0, 0, 0, 0, 0, 0, 0, 0, 0, 0, -1, -1, -1]
30 [1, 0, 1, 0, 1, 0, 1, 0, 1, 0, 0, 0, 0, 0, 0, 0, 0, 0, 0, 0, 0, 0, 0, 0, 0, 0, -1, -1, -1, -1]
